1
0.901486
0.640522
0.306772
0.00781274
-0.173376
-0.208289
-0.127445
0
0.101169
0.131199
0.0884732
0.00781274
-0.0625629
-0.0869778
-0.0588397
0
0.0540483
0.0745872
0.0539872
0.00781274
-0.0361339
-0.0538957
-0.0379345
0
0.03708
0.0527665
0.0399487
0.00781274
-0.0242927
-0.0384228
-0.0278024
0
0.0283212
0.0412305
0.0322886
0.00781274
-0.0175481
-0.0294504
-0.0218207
0
0.0229804
0.0340587
0.0274972
0.00781274
-0.0132145
-0.0235908
-0.0178838
0
0.0193793
0.0291757
0.0241707
0.00781274
-0.0101627
-0.0194708
-0.0150761
0
0.0167852
0.0256355
0.0217597
0.00781274
-0.00790429
-0.0163884
-0.0129704
0
0.0148015
0.0229194
0.0199286
0.00781274
-0.00619526
-0.014008
-0.0113224
0
0.0132756
0.0208136
0.0184637
0.00781274
-0.00479141
-0.0121158
-0.0100406
0
0.0120243
0.0191046
0.0172735
0.00781274
-0.00369274
-0.0105594
-0.00897244
0
0.0110172
0.0177007
0.0162969
0.00781274
-0.00274667
-0.00924711
-0.00805689
0
0.0101627
0.0165105
0.0154729
0.00781274
-0.00195318
-0.00817896
-0.00729392
0
0.00943022
0.0155034
0.014771
0.00781274
-0.00128178
-0.00723289
-0.00665304
0
0.00878933
0.0146184
0.0141606
0.00781274
-0.000701926
-0.00640889
-0.00607318
0
0.00824
0.0138554
0.0136418
0.00781274
-0.000183111
-0.00567644
-0.00558489
0
0.0077517
0.013184
0.0131535
0.00781274
0.000274667
-0.00506607
-0.00512711
0
0.00732444
0.0125736
0.0127567
0.00781274
0.000671407
-0.00448622
-0.00473037
0
0.0069277
0.0120243
0.01236
0.00781274
0.00106815
-0.00396741
-0.00439467
0
0.006592
0.011536
0.0120243
0.00781274
0.00137333
-0.00350963
-0.00405896
0
0.00628681
0.0111087
0.0117191
0.00781274
0.00167852
-0.00308237
-0.00375378
0
0.00598163
0.010712
0.0114444
0.00781274
0.00195318
-0.00271615
-0.00350963
0
0.00570696
0.0103458
0.0111698
0.00781274
0.00222785
-0.00234993
-0.00323496
0
0.00546281
0.00997955
0.0109561
0.00781274
0.00244148
-0.00201422
-0.00302133
0
0.00524918
0.00967437
0.010712
0.00781274
0.00265511
-0.00170904
-0.0028077
0
0.00503555
0.00936918
0.0105289
0.00781274
0.00286874
-0.00143437
-0.00259407
0
0.00485244
0.00909452
0.0103153
0.00781274
0.00305185
-0.0011597
-0.00241096
0
0.00466933
0.00885037
0.0101321
0.00781274
0.00323496
-0.000915555
-0.00222785
0
0.00448622
0.00860622
0.00997955
0.00781274
0.00341807
-0.000671407
-0.00207526
0
0.00433363
0.00839259
0.00982696
0.00781274
0.00357067
-0.000457778
-0.00192267
0
0.00418104
0.00814844
0.00967437
0.00781274
0.00372326
-0.000244148
-0.00177007
0
0.00402844
0.00796533
0.00952177
0.00781274
0.00384533
-6.1037e-05
-0.001648
0
0.00387585
0.0077517
0.00936918
0.00781274
0.00399792
0.000152593
-0.00149541
0
0.00375378
0.00756859
0.00924711
0.00781274
0.00412
0.000335704
-0.00137333
0
0.0036317
0.007416
0.00912503
0.00781274
0.00424207
0.000488296
-0.00125126
0
0.00350963
0.00723289
0.00900296
0.00781274
0.00436415
0.000671407
-0.00112918
0
0.00338755
0.00708029
0.00888089
0.00781274
0.00448622
0.000824
-0.00103763
0
0.003296
0.0069277
0.00878933
0.00781274
0.00457778
0.000976592
-0.000915555
0
0.00317392
0.00677511
0.00866726
0.00781274
0.00469985
0.00112918
-0.000824
0
0.00308237
0.00662252
0.0085757
0.00781274
0.00479141
0.00125126
-0.000701926
0
0.00299081
0.00646992
0.00848415
0.00781274
0.00488296
0.00140385
-0.00061037
0
0.00286874
0.00634785
0.00839259
0.00781274
0.00497452
0.00152593
-0.000518815
0
0.00277718
0.00622578
0.00830103
0.00781274
0.00506607
0.001648
-0.000427259
0
0.00268563
0.00607318
0.00820948
0.00781274
0.00515763
0.00180059
-0.000335704
0
0.00262459
0.00595111
0.00811792
0.00781274
0.00524918
0.00192267
-0.000244148
0
0.00253304
0.00582904
0.00802637
0.00781274
0.00534074
0.00201422
-0.000183111
0
0.00244148
0.00573748
0.00793481
0.00781274
0.00540178
0.0021363
-9.15555e-05
0
0.00234993
0.00561541
0.00787378
0.00781274
0.00549333
0.00225837
0
0
0.00228889
0.00549333
0.00778222
0.00781274
0.00558489
0.00238044
6.1037e-05
0
0.00219733
0.00537126
0.00769066
0.00781274
0.00564592
0.002472
0.000152593
0
0.0021363
0.0052797
0.00762963
0.00781274
0.00573748
0.00259407
0.00021363
0
0.00204474
0.00515763
0.00753807
0.00781274
0.00579852
0.00268563
0.000305185
0
0.0019837
0.00506607
0.00747703
0.00781274
0.00589007
0.0028077
0.000366222
0
0.00189215
0.00497452
0.007416
0.00781274
0.00595111
0.00289926
0.000457778
0
0.00183111
0.00485244
0.00732444
0.00781274
0.00601215
0.00299081
0.000518815
0
0.00177007
0.00476089
0.00726341
0.00781274
0.0061037
0.00311289
0.000579852
0
0.00167852
0.00466933
0.00720237
0.00781274
0.00616474
0.00320444
0.000640889
0
0.00161748
0.00454726
0.00711081
0.00781274
0.00622578
0.003296
0.000732444
0
0.00155644
0.0044557
0.00704978
0.00781274
0.00628681
0.00338755
0.000793481
0
0.00146489
0.00436415
0.00698874
0.00781274
0.00637837
0.00350963
0.000854518
0
0.00140385
0.00427259
0.0069277
0.00781274
0.00643941
0.00360118
0.000946074
0
0.00134281
0.00418104
0.00683615
0.00781274
0.00650044
0.00369274
0.00100711
0
0.00128178
0.00408948
0.00677511
0.00781274
0.00656148
0.0037843
0.00106815
0
0.00119022
0.00396741
0.00671407
0.00781274
0.00665304
0.00387585
0.00112918
0
0.00112918
0.00387585
0.00665304
0.00781274
0.00671407
0.00396741
0.00119022
0
0.00106815
0.0037843
0.00656148
0.00781274
0.00677511
0.00408948
0.00128178
0
0.00100711
0.00369274
0.00650044
0.00781274
0.00683615
0.00418104
0.00134281
0
0.000946074
0.00360118
0.00643941
0.00781274
0.0069277
0.00427259
0.00140385
0
0.000854518
0.00350963
0.00637837
0.00781274
0.00698874
0.00436415
0.00146489
0
0.000793481
0.00338755
0.00628681
0.00781274
0.00704978
0.0044557
0.00155644
0
0.000732444
0.003296
0.00622578
0.00781274
0.00711081
0.00454726
0.00161748
0
0.000640889
0.00320444
0.00616474
0.00781274
0.00720237
0.00466933
0.00167852
0
0.000579852
0.00311289
0.0061037
0.00781274
0.00726341
0.00476089
0.00177007
0
0.000518815
0.00299081
0.00601215
0.00781274
0.00732444
0.00485244
0.00183111
0
0.000457778
0.00289926
0.00595111
0.00781274
0.007416
0.00497452
0.00189215
0
0.000366222
0.0028077
0.00589007
0.00781274
0.00747703
0.00506607
0.0019837
0
0.000305185
0.00268563
0.00579852
0.00781274
0.00753807
0.00515763
0.00204474
0
0.00021363
0.00259407
0.00573748
0.00781274
0.00762963
0.0052797
0.0021363
0
0.000152593
0.002472
0.00564592
0.00781274
0.00769066
0.00537126
0.00219733
0
6.1037e-05
0.00238044
0.00558489
0.00781274
0.00778222
0.00549333
0.00228889
0
0
0.00225837
0.00549333
0.00781274
0.00787378
0.00561541
0.00234993
0
-9.15555e-05
0.0021363
0.00540178
0.00781274
0.00793481
0.00573748
0.00244148
0
-0.000183111
0.00201422
0.00534074
0.00781274
0.00802637
0.00582904
0.00253304
0
-0.000244148
0.00192267
0.00524918
0.00781274
0.00811792
0.00595111
0.00262459
0
-0.000335704
0.00180059
0.00515763
0.00781274
0.00820948
0.00607318
0.00268563
0
-0.000427259
0.001648
0.00506607
0.00781274
0.00830103
0.00622578
0.00277718
0
-0.000518815
0.00152593
0.00497452
0.00781274
0.00839259
0.00634785
0.00286874
0
-0.00061037
0.00140385
0.00488296
0.00781274
0.00848415
0.00646992
0.00299081
0
-0.000701926
0.00125126
0.00479141
0.00781274
0.0085757
0.00662252
0.00308237
0
-0.000824
0.00112918
0.00469985
0.00781274
0.00866726
0.00677511
0.00317392
0
-0.000915555
0.000976592
0.00457778
0.00781274
0.00878933
0.0069277
0.003296
0
-0.00103763
0.000824
0.00448622
0.00781274
0.00888089
0.00708029
0.00338755
0
-0.00112918
0.000671407
0.00436415
0.00781274
0.00900296
0.00723289
0.00350963
0
-0.00125126
0.000488296
0.00424207
0.00781274
0.00912503
0.007416
0.0036317
0
-0.00137333
0.000335704
0.00412
0.00781274
0.00924711
0.00756859
0.00375378
0
-0.00149541
0.000152593
0.00399792
0.00781274
0.00936918
0.0077517
0.00387585
0
-0.001648
-6.1037e-05
0.00384533
0.00781274
0.00952177
0.00796533
0.00402844
0
-0.00177007
-0.000244148
0.00372326
0.00781274
0.00967437
0.00814844
0.00418104
0
-0.00192267
-0.000457778
0.00357067
0.00781274
0.00982696
0.00839259
0.00433363
0
-0.00207526
-0.000671407
0.00341807
0.00781274
0.00997955
0.00860622
0.00448622
0
-0.00222785
-0.000915555
0.00323496
0.00781274
0.0101321
0.00885037
0.00466933
0
-0.00241096
-0.0011597
0.00305185
0.00781274
0.0103153
0.00909452
0.00485244
0
-0.00259407
-0.00143437
0.00286874
0.00781274
0.0105289
0.00936918
0.00503555
0
-0.0028077
-0.00170904
0.00265511
0.00781274
0.010712
0.00967437
0.00524918
0
-0.00302133
-0.00201422
0.00244148
0.00781274
0.0109561
0.00997955
0.00546281
0
-0.00323496
-0.00234993
0.00222785
0.00781274
0.0111698
0.0103458
0.00570696
0
-0.00350963
-0.00271615
0.00195318
0.00781274
0.0114444
0.010712
0.00598163
0
-0.00375378
-0.00308237
0.00167852
0.00781274
0.0117191
0.0111087
0.00628681
0
-0.00405896
-0.00350963
0.00137333
0.00781274
0.0120243
0.011536
0.006592
0
-0.00439467
-0.00396741
0.00106815
0.00781274
0.01236
0.0120243
0.0069277
0
-0.00473037
-0.00448622
0.000671407
0.00781274
0.0127567
0.0125736
0.00732444
0
-0.00512711
-0.00506607
0.000274667
0.00781274
0.0131535
0.013184
0.0077517
0
-0.00558489
-0.00567644
-0.000183111
0.00781274
0.0136418
0.0138554
0.00824
0
-0.00607318
-0.00640889
-0.000701926
0.00781274
0.0141606
0.0146184
0.00878933
0
-0.00665304
-0.00723289
-0.00128178
0.00781274
0.014771
0.0155034
0.00943022
0
-0.00729392
-0.00817896
-0.00195318
0.00781274
0.0154729
0.0165105
0.0101627
0
-0.00805689
-0.00924711
-0.00274667
0.00781274
0.0162969
0.0177007
0.0110172
0
-0.00897244
-0.0105594
-0.00369274
0.00781274
0.0172735
0.0191046
0.0120243
0
-0.0100406
-0.0121158
-0.00479141
0.00781274
0.0184637
0.0208136
0.0132756
0
-0.0113224
-0.014008
-0.00619526
0.00781274
0.0199286
0.0229194
0.0148015
0
-0.0129704
-0.0163884
-0.00790429
0.00781274
0.0217597
0.0256355
0.0167852
0
-0.0150761
-0.0194708
-0.0101627
0.00781274
0.0241707
0.0291757
0.0193793
0
-0.0178838
-0.0235908
-0.0132145
0.00781274
0.0274972
0.0340587
0.0229804
0
-0.0218207
-0.0294504
-0.0175481
0.00781274
0.0322886
0.0412305
0.0283212
0
-0.0278024
-0.0384228
-0.0242927
0.00781274
0.0399487
0.0527665
0.03708
0
-0.0379345
-0.0538957
-0.0361339
0.00781274
0.0539872
0.0745872
0.0540483
0
-0.0588397
-0.0869778
-0.0625629
0.00781274
0.0884732
0.131199
0.101169
0
-0.127445
-0.208289
-0.173376
0.00781274
0.306772
0.640522
0.901486
