1
1
1
1
1
1
1
1
1
1
1
1
1
1
1
1
1
1
1
1
1
1
1
1
1
1
0.991141
0.969731
0.949599
0.931
0.914158
0.899259
0.886454
0.875857
0.867544
0.861552
0.857884
0.856506
0.857351
0.860321
0.865289
0.872105
0.880594
0.890563
0.901806
0.914103
0.927228
0.940951
0.955042
0.969272
0.983422
0.997281
1
1
1
1
1
1
1
1
1
1
1
1
1
1
1
1
1
1
1
1
1
1
1
1
1
0.998364
0.990406
0.982897
0.975936
0.969604
0.963975
0.959107
0.955044
0.951816
0.94944
0.94792
0.947246
0.947396
0.948336
0.950021
0.952397
0.955402
0.958967
0.963016
0.967469
0.972243
0.977254
0.982417
0.987649
0.992866
0.997992
1
1
1
1
1
1
1
1
1
1
1
1
1
1
1
1
1
1
1
1
1
1
1
1
1
1
0.997044
0.994246
0.991642
0.989264
0.98714
0.985291
0.983736
0.982486
0.98155
0.980928
0.980618
0.980613
0.980902
0.981469
0.982294
0.983355
0.984627
0.986083
0.987694
0.989429
0.991258
0.993149
0.995071
0.996994
0.998888
1
1
1
1
1
1
1
1
1
1
1
1
1
1
1
1
1
1
1
1
1
1
1
1
1
1
0.999126
0.998084
0.99711
0.996218
0.995417
0.994717
0.994122
0.99364
0.993272
0.99302
0.992884
0.99286
0.992945
0.993133
0.993418
0.993792
0.994245
0.994768
0.99535
0.995981
0.996647
0.997339
0.998045
0.998753
0.999453
1
1
1
1
1
1
1
1
1
1
1
1
1
1
1
1
1
1
1
1
1
1
1
1
1
1
0.999758
0.99937
0.999006
0.998672
0.99837
0.998105
0.997878
0.997692
0.997549
0.997447
0.997389
0.997372
0.997395
0.997457
0.997555
0.997686
0.997847
0.998035
0.998245
0.998474
0.998717
0.99897
0.999229
0.999489
0.999748
1
1
1
1
1
1
1
1
1
1
1
1
1
1
1
1
1
1
1
1
1
1
1
1
1
1
0.99994
0.999796
0.99966
0.999535
0.999422
0.999321
0.999235
0.999164
0.999108
0.999067
0.999042
0.999033
0.999039
0.999059
0.999092
0.999138
0.999195
0.999263
0.999338
0.999421
0.99951
0.999602
0.999697
0.999793
0.999888
0.999982
1
1
1
1
1
1
1
1
1
1
1
1
1
1
1
1
1
1
1
1
1
1
1
1
1
0.999989
0.999935
0.999885
0.999838
0.999795
0.999757
0.999724
0.999697
0.999675
0.999659
0.999649
0.999645
0.999646
0.999652
0.999663
0.999679
0.9997
0.999723
0.999751
0.999781
0.999813
0.999847
0.999882
0.999917
0.999952
0.999986
1
1
1
1
1
1
1
1
1
1
1
1
1
1
1
1
1
1
1
1
1
1
1
1
1
1
0.99998
0.999961
0.999944
0.999928
0.999913
0.999901
0.99989
0.999882
0.999876
0.999871
0.999869
0.999869
0.999871
0.999875
0.999881
0.999888
0.999896
0.999906
0.999917
0.999929
0.999941
0.999954
0.999967
0.99998
0.999992
1
1
1
1
1
1
1
1
1
1
1
1
1
1
1
1
1
1
1
1
1
1
1
1
1
1
0.999994
0.999987
0.999981
0.999974
0.999969
0.999964
0.99996
0.999957
0.999955
0.999953
0.999952
0.999952
0.999952
0.999954
0.999956
0.999958
0.999961
0.999965
0.999969
0.999973
0.999977
0.999982
0.999987
0.999992
0.999996
1
1
1
1
1
1
1
1
1
1
1
1
1
1
1
1
1
1
1
1
1
1
1
1
1
1
0.999998
0.999996
0.999993
0.999991
0.999989
0.999987
0.999986
0.999984
0.999983
0.999983
0.999982
0.999982
0.999982
0.999983
0.999984
0.999984
0.999986
0.999987
0.999988
0.99999
0.999991
0.999993
0.999995
0.999997
0.999998
1
1
1
1
1
1
1
1
1
1
1
1
1
1
1
1
1
1
1
1
1
1
1
1
1
1
1
0.999999
0.999998
0.999997
0.999996
0.999995
0.999995
0.999994
0.999994
0.999994
0.999994
0.999994
0.999994
0.999994
0.999994
0.999994
0.999995
0.999995
0.999996
0.999996
0.999997
0.999997
0.999998
0.999999
0.999999
1
1
1
1
1
1
1
1
1
1
1
1
1
1
1
1
1
1
1
1
1
1
1
1
1
1
1
1
0.999999
0.999999
0.999999
0.999998
0.999998
0.999998
0.999998
0.999998
0.999998
0.999998
0.999998
0.999998
0.999998
0.999998
0.999998
0.999998
0.999998
0.999999
0.999999
0.999999
0.999999
0.999999
1
1
1
1
1
1
1
1
1
1
1
1
1
1
1
1
1
1
1
1
1
1
1
1
1
1
1
1
1
1
1
1
0.999999
0.999999
0.999999
0.999999
0.999999
0.999999
0.999999
0.999999
0.999999
0.999999
0.999999
0.999999
0.999999
0.999999
0.999999
1
1
1
1
1
1
1
1
1
1
1
1
1
1
1
1
1
1
1
1
1
1
1
1
1
1
1
1
1
1
1
1
1
1
1
1
1
1
1
1
1
1
1
1
1
1
1
1
1
1
1
1
1
1
1
1
1
1
1
1
1
1
1
1
1
1
1
1
1
1
1
1
1
1
1
1
1
1
1
1
1
1
1
1
1
1
1
1
1
1
1
1
1
1
1
1
1
1
1
1
1
1
1
1
1
1
1
1
1
1
1
1
1
1
1
1
1
1
1
1
1
1
1
1
1
1
1
1
1
1
1
1
1
1
1
1
1
1
1
1
1
1
1
1
1
1
1
1
1
1
1
1
1
1
1
1
1
1
1
1
1
1
1
1
1
1
1
1
1
1
1
1
1
1
1
1
1
1
1
1
1
1
1
1
1
1
1
1
1
1
1
1
1
1
1
1
1
1
1
1
1
1
1
1
1
1
1
1
1
1
1
1
1
1
1
1
1
1
1
1
1
1
1
1
1
1
1
1
1
1
1
1
1
1
1
1
1
1
1
1
1
1
1
1
1
1
1
1
1
1
1
1
1
1
1
1
1
1
1
1
1
1
1
1
1
1
1
1
1
1
1
1
1
1
1
1
1
1
1
1
1
1
1
1
1
1
1
1
1
1
1
1
1
1
1
1
1
1
1
1
1
1
1
1
1
1
1
1
1
1
1
1
1
1
1
1
1
1
1
1
1
1
1
1
1
1
1
1
1
1
1
1
1
1
1
1
1
1
1
1
1
1
1
1
1
1
1
1
1
1
1
1
1
1
1
1
1
1
1
1
1
1
1
1
-1
-0.963987
-0.929899
-0.898176
-0.869209
-0.843329
-0.820811
-0.801865
-0.786642
-0.775229
-0.767652
-0.76388
-0.763823
-0.767341
-0.774242
-0.784294
-0.797223
-0.812723
-0.830462
-0.850085
-0.871224
-0.893501
-0.916535
-0.939949
-0.963375
-0.986456
-1
-1
-1
-1
-1
-1
-1
-1
-1
-1
-1
-1
-1
-1
-1
-1
-1
-1
-1
-1
-1
-1
-1
-1
-1
-1
-0.98935
-0.976655
-0.964798
-0.953929
-0.944172
-0.935634
-0.928396
-0.922519
-0.918038
-0.914969
-0.913303
-0.913012
-0.914049
-0.916345
-0.919818
-0.924372
-0.929894
-0.936266
-0.943357
-0.951033
-0.959155
-0.967585
-0.976181
-0.984809
-0.993335
-1
-1
-1
-1
-1
-1
-1
-1
-1
-1
-1
-1
-1
-1
-1
-1
-1
-1
-1
-1
-1
-1
-1
-1
-1
-1
-0.997048
-0.992323
-0.987895
-0.98382
-0.980145
-0.976912
-0.974151
-0.971888
-0.970136
-0.968903
-0.968188
-0.967981
-0.968266
-0.96902
-0.970214
-0.971813
-0.973777
-0.976062
-0.978622
-0.981406
-0.984366
-0.987448
-0.990603
-0.993778
-0.996926
-1
-1
-1
-1
-1
-1
-1
-1
-1
-1
-1
-1
-1
-1
-1
-1
-1
-1
-1
-1
-1
-1
-1
-1
-1
-1
-0.999273
-0.997515
-0.995863
-0.994336
-0.992954
-0.991731
-0.99068
-0.98981
-0.989127
-0.988636
-0.988334
-0.988221
-0.988291
-0.988534
-0.988942
-0.989502
-0.990199
-0.991017
-0.99194
-0.992949
-0.994027
-0.995153
-0.99631
-0.997478
-0.998639
-0.999777
-1
-1
-1
-1
-1
-1
-1
-1
-1
-1
-1
-1
-1
-1
-1
-1
-1
-1
-1
-1
-1
-1
-1
-1
-1
-0.999866
-0.999212
-0.998596
-0.998025
-0.997505
-0.997043
-0.996643
-0.99631
-0.996045
-0.99585
-0.995725
-0.99567
-0.995682
-0.995759
-0.995897
-0.996092
-0.996339
-0.996632
-0.996964
-0.99733
-0.997722
-0.998133
-0.998557
-0.998986
-0.999414
-0.999835
-1
-1
-1
-1
-1
-1
-1
-1
-1
-1
-1
-1
-1
-1
-1
-1
-1
-1
-1
-1
-1
-1
-1
-1
-1
-1
-0.999757
-0.999528
-0.999314
-0.999119
-0.998944
-0.998793
-0.998665
-0.998562
-0.998486
-0.998434
-0.998409
-0.998409
-0.998432
-0.998479
-0.998547
-0.998634
-0.998738
-0.998858
-0.99899
-0.999132
-0.999282
-0.999438
-0.999595
-0.999753
-0.999909
-1
-1
-1
-1
-1
-1
-1
-1
-1
-1
-1
-1
-1
-1
-1
-1
-1
-1
-1
-1
-1
-1
-1
-1
-1
-1
-0.999928
-0.999843
-0.999763
-0.99969
-0.999624
-0.999566
-0.999518
-0.999478
-0.999448
-0.999427
-0.999416
-0.999414
-0.999421
-0.999436
-0.99946
-0.99949
-0.999528
-0.999571
-0.999618
-0.99967
-0.999725
-0.999782
-0.999839
-0.999898
-0.999955
-1
-1
-1
-1
-1
-1
-1
-1
-1
-1
-1
-1
-1
-1
-1
-1
-1
-1
-1
-1
-1
-1
-1
-1
-1
-1
-0.99998
-0.999948
-0.999918
-0.999891
-0.999866
-0.999844
-0.999826
-0.999811
-0.999799
-0.99979
-0.999786
-0.999784
-0.999786
-0.999791
-0.999799
-0.99981
-0.999823
-0.999839
-0.999856
-0.999875
-0.999895
-0.999915
-0.999937
-0.999958
-0.999979
-1
-1
-1
-1
-1
-1
-1
-1
-1
-1
-1
-1
-1
-1
-1
-1
-1
-1
-1
-1
-1
-1
-1
-1
-1
-1
-0.999995
-0.999983
-0.999972
-0.999962
-0.999952
-0.999944
-0.999937
-0.999931
-0.999927
-0.999923
-0.999921
-0.999921
-0.999921
-0.999923
-0.999925
-0.999929
-0.999934
-0.99994
-0.999946
-0.999952
-0.99996
-0.999967
-0.999975
-0.999983
-0.999991
-0.999999
-1
-1
-1
-1
-1
-1
-1
-1
-1
-1
-1
-1
-1
-1
-1
-1
-1
-1
-1
-1
-1
-1
-1
-1
-1
-0.999999
-0.999995
-0.999991
-0.999987
-0.999983
-0.99998
-0.999977
-0.999975
-0.999973
-0.999972
-0.999971
-0.999971
-0.999971
-0.999971
-0.999972
-0.999974
-0.999975
-0.999977
-0.99998
-0.999982
-0.999985
-0.999987
-0.99999
-0.999993
-0.999996
-0.999999
-1
-1
-1
-1
-1
-1
-1
-1
-1
-1
-1
-1
-1
-1
-1
-1
-1
-1
-1
-1
-1
-1
-1
-1
-1
-1
-0.999998
-0.999997
-0.999995
-0.999994
-0.999993
-0.999992
-0.999991
-0.99999
-0.99999
-0.999989
-0.999989
-0.999989
-0.999989
-0.99999
-0.99999
-0.999991
-0.999991
-0.999992
-0.999993
-0.999994
-0.999995
-0.999996
-0.999997
-0.999998
-0.999999
-1
-1
-1
-1
-1
-1
-1
-1
-1
-1
-1
-1
-1
-1
-1
-1
-1
-1
-1
-1
-1
-1
-1
-1
-1
-1
-1
-0.999999
-0.999998
-0.999998
-0.999997
-0.999997
-0.999997
-0.999996
-0.999996
-0.999996
-0.999996
-0.999996
-0.999996
-0.999996
-0.999996
-0.999997
-0.999997
-0.999997
-0.999997
-0.999998
-0.999998
-0.999999
-0.999999
-0.999999
-1
-1
-1
-1
-1
-1
-1
-1
-1
-1
-1
-1
-1
-1
-1
-1
-1
-1
-1
-1
-1
-1
-1
-1
-1
-1
-1
-1
-1
-0.999999
-0.999999
-0.999999
-0.999999
-0.999999
-0.999999
-0.999999
-0.999999
-0.999999
-0.999999
-0.999999
-0.999999
-0.999999
-0.999999
-0.999999
-0.999999
-0.999999
-0.999999
-0.999999
-0.999999
-1
-1
-1
-1
-1
-1
-1
-1
-1
-1
-1
-1
-1
-1
-1
-1
-1
-1
-1
-1
-1
-1
-1
-1
-1
-1
-1
-1
-1
-1
-1
-1
-1
-1
-1
-1
-1
-1
-0.999999
-0.999999
-0.999999
-0.999999
-0.999999
-1
-1
-1
-1
-1
-1
-1
-1
-1
-1
-1
-1
-1
-1
-1
-1
-1
-1
-1
-1
-1
-1
-1
-1
-1
-1
-1
-1
-1
-1
-1
-1
-1
-1
-1
-1
-1
-1
-1
-1
-1
-1
-1
-1
-1
-1
-1
-1
-1
-1
-1
-1
-1
-1
-1
-1
-1
-1
-1
-1
-1
-1
-1
-1
-1
-1
-1
-1
-1
-1
-1
-1
-1
-1
-1
-1
-1
-1
-1
-1
-1
-1
-1
-1
-1
-1
-1
-1
-1
-1
-1
-1
-1
-1
-1
-1
-1
-1
-1
-1
-1
-1
-1
-1
-1
-1
-1
-1
-1
-1
-1
-1
-1
-1
-1
-1
-1
-1
-1
-1
-1
-1
-1
-1
-1
-1
-1
-1
-1
-1
-1
-1
-1
-1
-1
-1
-1
-1
-1
-1
-1
-1
-1
-1
-1
-1
-1
-1
-1
-1
-1
-1
-1
-1
-1
-1
-1
-1
-1
-1
-1
-1
-1
-1
-1
-1
-1
-1
-1
-1
-1
-1
-1
-1
-1
-1
-1
-1
-1
-1
-1
-1
-1
-1
-1
-1
-1
-1
-1
-1
-1
-1
-1
-1
-1
-1
-1
-1
-1
-1
-1
-1
-1
-1
-1
-1
-1
-1
-1
-1
-1
-1
-1
-1
-1
-1
-1
-1
-1
-1
-1
-1
-1
-1
-1
-1
-1
-1
-1
-1
-1
-1
-1
-1
-1
-1
-1
-1
-1
-1
-1
-1
-1
-1
-1
-1
-1
-1
-1
-1
-1
-1
-1
-1
-1
-1
-1
-1
-1
-1
-1
-1
-1
-1
-1
-1
-1
-1
-1
-1
-1
-1
-1
-1
-1
-1
-1
-1
-1
-1
-1
-1
-1
-1
-1
-1
-1
-1
-1
-1
-1
-1
-1
-1
-1
-1
-1
-1
-1
-1
-1
-1
-1
-1
-1
-1
-1
-1
-1
-1
-1
-1
-1
-1
-1
-1
-1
-1
-1
-1
-1
-1
-1
-1
-1
-1
-1
-1
-1
-1
-1
-1
-1
-1
-1
-1
-1
-1
-1
-1
-1
-1
-1
-1
